{
 "cells": [
  {
   "cell_type": "code",
   "execution_count": 1,
   "metadata": {},
   "outputs": [],
   "source": [
    "import pandas as pd\n",
    "import numpy as np"
   ]
  },
  {
   "cell_type": "code",
   "execution_count": 2,
   "metadata": {},
   "outputs": [],
   "source": [
    "flight = pd.read_excel(\"E:/flight_unfucked.xlsx\")\n",
    "test = pd.read_excel(\"E:/test_unfucked.xlsx\")\n",
    "\n",
    "flight.drop(\"Unnamed: 0\", inplace = True, axis = 1)\n",
    "test.drop(\"Unnamed: 0\", inplace = True, axis = 1)"
   ]
  },
  {
   "cell_type": "markdown",
   "metadata": {},
   "source": [
    "- kamus_gender = {\"M\" : 0, \"F\" : 1, \"None\" : None}\n",
    "- kamus_trip = {\"trip\" : 0, \"round\": 1, \"roundtrip\" : 2}\n",
    "- kamus_service = {\"ECONOMY\" : 0, \"BUSINESS\": 1}\n",
    "- kamus_tx = {\"NO\" : 0, \"YES\" : 1}\n",
    "- kamus_airlines = {'33199710eb822fbcfd0dc793f4788d30': 0,\n",
    "                  '0a102015e48c1f68e121acc99fca9a05': 1,\n",
    "                  '6c483c0812c96f8ec43bb0ff76eaf716': 2,\n",
    "                  'ad5bef60d81ea077018f4d50b813153a': 3,\n",
    "                  'e35de6a36d385711a660c72c0286154a': 4,\n",
    "                  '74c5549aa99d55280a896ea50068a211': 5,\n",
    "                  '9855a1d3de1c46526dde37c5d6fb758c': 6,\n",
    "                  '6872b49542519aea7ae146e23fab5c08': 7}"
   ]
  },
  {
   "cell_type": "code",
   "execution_count": 46,
   "metadata": {},
   "outputs": [],
   "source": [
    "#changing visited_city and log trans into usable\n",
    "temp = []\n",
    "for value in flight[\"log_transaction\"]:\n",
    "    a = value.split(',')\n",
    "    to_float = lambda x : [float(p) for p in x]\n",
    "    a = to_float(a)\n",
    "    temp.append(a)\n",
    "flight[\"log_transaction\"] = temp\n",
    "\n",
    "temp = []\n",
    "for value in test[\"log_transaction\"]:\n",
    "    a = value.split(',')\n",
    "    to_float = lambda x : [float(p) for p in x]\n",
    "    a = to_float(a)\n",
    "    temp.append(a)\n",
    "test[\"log_transaction\"] = temp\n",
    "\n",
    "temp = []\n",
    "for value in flight[\"visited_city\"]:\n",
    "    a = value.split(',')\n",
    "    temp.append(a)\n",
    "flight[\"visited_city\"] = temp\n",
    "\n",
    "temp = []\n",
    "for value in test[\"visited_city\"]:\n",
    "    a = value.split(',')\n",
    "    temp.append(a)\n",
    "test[\"visited_city\"] = temp\n"
   ]
  },
  {
   "cell_type": "markdown",
   "metadata": {},
   "source": [
    "Tipe data tiap kolom\n",
    "\n",
    "- account_id identifier\n",
    "- member duration days = nominal, menunjukkan jumlah\n",
    "- gender non weighted binary\n",
    "- trip nominal\n",
    "- service class = ordinal, binary\n",
    "- price = continue\n",
    "- is tx promo = binary\n",
    "- no_of_seats = nominal jumlah\n",
    "- airlines_names = nominal\n",
    "- hotel_id = parse ke binary\n",
    "- visited_city = list string\n",
    "- log_trans = list float"
   ]
  },
  {
   "cell_type": "markdown",
   "metadata": {},
   "source": [
    "## ide feature\n",
    "\n",
    "- berapa banyak kota yang dikunjungi?\n",
    "- kota mulai?\n",
    "- kota akhir?\n",
    "- melalui kota x?\n",
    "- apakah mengunjungi lebih dari n kota?\n",
    "- mean log_trans\n",
    "- repeat customer? (dari log_trans)\n",
    "- is alone? (seat number)"
   ]
  },
  {
   "cell_type": "code",
   "execution_count": 34,
   "metadata": {},
   "outputs": [],
   "source": [
    "#jumlah kota dikunjungi\n",
    "temp = []\n",
    "start = []\n",
    "end = []\n",
    "for i in flight[\"visited_city\"]:\n",
    "    temp.append(len(i))\n",
    "    start.append(i[0])\n",
    "    end.append(i[-1])\n",
    "\n",
    "num_trans = []\n",
    "mean_trans = []\n",
    "for i in flight[\"log_transaction\"]:\n",
    "    num_trans.append(len(i))\n",
    "    mean_trans.append(sum(i)/len(i))\n",
    "\n",
    "is_alone = []\n",
    "\n",
    "for i in flight[\"no_of_seats\"]:\n",
    "    if i > 1:\n",
    "        is_alone.append(0)\n",
    "    else:\n",
    "        is_alone.append(1)\n",
    "\n",
    "flight[\"is_alone\"] = is_alone    \n",
    "flight[\"num_visited\"] = temp\n",
    "flight[\"start\"]= start\n",
    "flight[\"end\"] = end\n",
    "flight[\"num_trans\"] = num_trans\n",
    "flight[\"mean_trans\"] = mean_trans"
   ]
  },
  {
   "cell_type": "code",
   "execution_count": 47,
   "metadata": {},
   "outputs": [],
   "source": [
    "air = pd.get_dummies(flight[\"airlines_name\"].astype(str), prefix = \"airlines\")\n",
    "flight.drop(\"airlines_name\", axis = 1, inplace = True)"
   ]
  },
  {
   "cell_type": "code",
   "execution_count": 48,
   "metadata": {},
   "outputs": [
    {
     "data": {
      "text/html": [
       "<div>\n",
       "<style scoped>\n",
       "    .dataframe tbody tr th:only-of-type {\n",
       "        vertical-align: middle;\n",
       "    }\n",
       "\n",
       "    .dataframe tbody tr th {\n",
       "        vertical-align: top;\n",
       "    }\n",
       "\n",
       "    .dataframe thead th {\n",
       "        text-align: right;\n",
       "    }\n",
       "</style>\n",
       "<table border=\"1\" class=\"dataframe\">\n",
       "  <thead>\n",
       "    <tr style=\"text-align: right;\">\n",
       "      <th></th>\n",
       "      <th>account_id</th>\n",
       "      <th>member_duration_days</th>\n",
       "      <th>gender</th>\n",
       "      <th>trip</th>\n",
       "      <th>service_class</th>\n",
       "      <th>price</th>\n",
       "      <th>is_tx_promo</th>\n",
       "      <th>no_of_seats</th>\n",
       "      <th>hotel_id</th>\n",
       "    </tr>\n",
       "  </thead>\n",
       "  <tbody>\n",
       "    <tr>\n",
       "      <td>account_id</td>\n",
       "      <td>1.000000</td>\n",
       "      <td>-0.130931</td>\n",
       "      <td>0.029454</td>\n",
       "      <td>0.010038</td>\n",
       "      <td>-0.018714</td>\n",
       "      <td>0.015287</td>\n",
       "      <td>-0.045418</td>\n",
       "      <td>0.049270</td>\n",
       "      <td>-0.003923</td>\n",
       "    </tr>\n",
       "    <tr>\n",
       "      <td>member_duration_days</td>\n",
       "      <td>-0.130931</td>\n",
       "      <td>1.000000</td>\n",
       "      <td>-0.004920</td>\n",
       "      <td>-0.037326</td>\n",
       "      <td>0.018941</td>\n",
       "      <td>-0.028740</td>\n",
       "      <td>0.104160</td>\n",
       "      <td>-0.040714</td>\n",
       "      <td>0.032732</td>\n",
       "    </tr>\n",
       "    <tr>\n",
       "      <td>gender</td>\n",
       "      <td>0.029454</td>\n",
       "      <td>-0.004920</td>\n",
       "      <td>1.000000</td>\n",
       "      <td>0.027394</td>\n",
       "      <td>-0.006459</td>\n",
       "      <td>-0.008207</td>\n",
       "      <td>0.105608</td>\n",
       "      <td>-0.010275</td>\n",
       "      <td>0.013790</td>\n",
       "    </tr>\n",
       "    <tr>\n",
       "      <td>trip</td>\n",
       "      <td>0.010038</td>\n",
       "      <td>-0.037326</td>\n",
       "      <td>0.027394</td>\n",
       "      <td>1.000000</td>\n",
       "      <td>-0.004935</td>\n",
       "      <td>0.323294</td>\n",
       "      <td>0.087873</td>\n",
       "      <td>0.009103</td>\n",
       "      <td>0.031024</td>\n",
       "    </tr>\n",
       "    <tr>\n",
       "      <td>service_class</td>\n",
       "      <td>-0.018714</td>\n",
       "      <td>0.018941</td>\n",
       "      <td>-0.006459</td>\n",
       "      <td>-0.004935</td>\n",
       "      <td>1.000000</td>\n",
       "      <td>0.129852</td>\n",
       "      <td>0.015156</td>\n",
       "      <td>-0.017563</td>\n",
       "      <td>-0.000057</td>\n",
       "    </tr>\n",
       "    <tr>\n",
       "      <td>price</td>\n",
       "      <td>0.015287</td>\n",
       "      <td>-0.028740</td>\n",
       "      <td>-0.008207</td>\n",
       "      <td>0.323294</td>\n",
       "      <td>0.129852</td>\n",
       "      <td>1.000000</td>\n",
       "      <td>-0.041420</td>\n",
       "      <td>0.712863</td>\n",
       "      <td>0.017619</td>\n",
       "    </tr>\n",
       "    <tr>\n",
       "      <td>is_tx_promo</td>\n",
       "      <td>-0.045418</td>\n",
       "      <td>0.104160</td>\n",
       "      <td>0.105608</td>\n",
       "      <td>0.087873</td>\n",
       "      <td>0.015156</td>\n",
       "      <td>-0.041420</td>\n",
       "      <td>1.000000</td>\n",
       "      <td>-0.096128</td>\n",
       "      <td>0.100512</td>\n",
       "    </tr>\n",
       "    <tr>\n",
       "      <td>no_of_seats</td>\n",
       "      <td>0.049270</td>\n",
       "      <td>-0.040714</td>\n",
       "      <td>-0.010275</td>\n",
       "      <td>0.009103</td>\n",
       "      <td>-0.017563</td>\n",
       "      <td>0.712863</td>\n",
       "      <td>-0.096128</td>\n",
       "      <td>1.000000</td>\n",
       "      <td>0.025740</td>\n",
       "    </tr>\n",
       "    <tr>\n",
       "      <td>hotel_id</td>\n",
       "      <td>-0.003923</td>\n",
       "      <td>0.032732</td>\n",
       "      <td>0.013790</td>\n",
       "      <td>0.031024</td>\n",
       "      <td>-0.000057</td>\n",
       "      <td>0.017619</td>\n",
       "      <td>0.100512</td>\n",
       "      <td>0.025740</td>\n",
       "      <td>1.000000</td>\n",
       "    </tr>\n",
       "  </tbody>\n",
       "</table>\n",
       "</div>"
      ],
      "text/plain": [
       "                      account_id  member_duration_days    gender      trip  \\\n",
       "account_id              1.000000             -0.130931  0.029454  0.010038   \n",
       "member_duration_days   -0.130931              1.000000 -0.004920 -0.037326   \n",
       "gender                  0.029454             -0.004920  1.000000  0.027394   \n",
       "trip                    0.010038             -0.037326  0.027394  1.000000   \n",
       "service_class          -0.018714              0.018941 -0.006459 -0.004935   \n",
       "price                   0.015287             -0.028740 -0.008207  0.323294   \n",
       "is_tx_promo            -0.045418              0.104160  0.105608  0.087873   \n",
       "no_of_seats             0.049270             -0.040714 -0.010275  0.009103   \n",
       "hotel_id               -0.003923              0.032732  0.013790  0.031024   \n",
       "\n",
       "                      service_class     price  is_tx_promo  no_of_seats  \\\n",
       "account_id                -0.018714  0.015287    -0.045418     0.049270   \n",
       "member_duration_days       0.018941 -0.028740     0.104160    -0.040714   \n",
       "gender                    -0.006459 -0.008207     0.105608    -0.010275   \n",
       "trip                      -0.004935  0.323294     0.087873     0.009103   \n",
       "service_class              1.000000  0.129852     0.015156    -0.017563   \n",
       "price                      0.129852  1.000000    -0.041420     0.712863   \n",
       "is_tx_promo                0.015156 -0.041420     1.000000    -0.096128   \n",
       "no_of_seats               -0.017563  0.712863    -0.096128     1.000000   \n",
       "hotel_id                  -0.000057  0.017619     0.100512     0.025740   \n",
       "\n",
       "                      hotel_id  \n",
       "account_id           -0.003923  \n",
       "member_duration_days  0.032732  \n",
       "gender                0.013790  \n",
       "trip                  0.031024  \n",
       "service_class        -0.000057  \n",
       "price                 0.017619  \n",
       "is_tx_promo           0.100512  \n",
       "no_of_seats           0.025740  \n",
       "hotel_id              1.000000  "
      ]
     },
     "execution_count": 48,
     "metadata": {},
     "output_type": "execute_result"
    }
   ],
   "source": [
    "flight.corr()"
   ]
  },
  {
   "cell_type": "code",
   "execution_count": null,
   "metadata": {},
   "outputs": [],
   "source": []
  },
  {
   "cell_type": "code",
   "execution_count": null,
   "metadata": {},
   "outputs": [],
   "source": []
  }
 ],
 "metadata": {
  "kernelspec": {
   "display_name": "Python 3",
   "language": "python",
   "name": "python3"
  },
  "language_info": {
   "codemirror_mode": {
    "name": "ipython",
    "version": 3
   },
   "file_extension": ".py",
   "mimetype": "text/x-python",
   "name": "python",
   "nbconvert_exporter": "python",
   "pygments_lexer": "ipython3",
   "version": "3.6.9"
  }
 },
 "nbformat": 4,
 "nbformat_minor": 2
}
